70
47
23
22
16

2 12 9 6 13 15 0 16 11 9 12 1 16 16 5 11 15 13 11 2 8 11 5 0 1 9 15 4 9 10 2 7 13 1 7 1 6 10 10 5 3 9 10 0 3 5 16 0 9 8 0 11 12 10 9 15 6 3 10 11 1 11 14 9 5 5 10 15 2 8 

35

121 23
122 52
61 127
115 138
87 51
83 47
20 33
127 125
108 123
13 67
118 48
138 29
103 90
38 64
94 11
63 94
48 115
49 102
49 69
1 82
78 60
37 58
49 20
48 59
113 43
124 91
78 44
52 32
13 3
83 98
24 120
85 49
2 8
22 56
82 29
95 13
30 91
14 3
47 17
129 100
72 124
93 69
11 71
119 94
134 35
52 130
61 20
115 34
139 60
15 9
115 57
99 84
27 21
98 106
52 108
87 139
77 42
97 37
132 35
73 50
4 25
6 124
102 10
68 109
13 20
91 108
81 45
132 2
16 135
101 67

